Temps(s), Tempťrature(K), …nergie (J), IntRapides (AD), IntLentes (AD), IntTot(AD), Neut…mis (AD)
0.000000000000000000e+00,2.931499999999999773e+02,0.000000000000000000e+00,0.000000000000000000e+00,0.000000000000000000e+00,0.000000000000000000e+00,0.000000000000000000e+00,0.000000000000000000e+00
1.000000000000000056e-01,2.931499999999999773e+02,0.000000000000000000e+00,0.000000000000000000e+00,0.000000000000000000e+00,0.000000000000000000e+00,0.000000000000000000e+00,0.000000000000000000e+00
2.000000000000000111e-01,2.931499999999999773e+02,0.000000000000000000e+00,0.000000000000000000e+00,0.000000000000000000e+00,0.000000000000000000e+00,0.000000000000000000e+00,0.000000000000000000e+00
2.999999999999999889e-01,2.931499999999999773e+02,0.000000000000000000e+00,0.000000000000000000e+00,0.000000000000000000e+00,0.000000000000000000e+00,0.000000000000000000e+00,0.000000000000000000e+00
4.000000000000000222e-01,2.931499999999999773e+02,0.000000000000000000e+00,0.000000000000000000e+00,0.000000000000000000e+00,0.000000000000000000e+00,0.000000000000000000e+00,0.000000000000000000e+00
5.000000000000000000e-01,2.931499999999999773e+02,0.000000000000000000e+00,0.000000000000000000e+00,0.000000000000000000e+00,0.000000000000000000e+00,0.000000000000000000e+00,0.000000000000000000e+00
5.999999999999999778e-01,2.931499999999999773e+02,0.000000000000000000e+00,0.000000000000000000e+00,0.000000000000000000e+00,0.000000000000000000e+00,0.000000000000000000e+00,0.000000000000000000e+00
6.999999999999999556e-01,2.931499999999999773e+02,0.000000000000000000e+00,0.000000000000000000e+00,0.000000000000000000e+00,0.000000000000000000e+00,0.000000000000000000e+00,0.000000000000000000e+00
8.000000000000000444e-01,2.931499999999999773e+02,0.000000000000000000e+00,0.000000000000000000e+00,0.000000000000000000e+00,0.000000000000000000e+00,0.000000000000000000e+00,0.000000000000000000e+00
9.000000000000000222e-01,2.931499999999999773e+02,0.000000000000000000e+00,0.000000000000000000e+00,0.000000000000000000e+00,0.000000000000000000e+00,0.000000000000000000e+00,0.000000000000000000e+00
1.000000000000000000e+00,2.931499999999999773e+02,0.000000000000000000e+00,0.000000000000000000e+00,0.000000000000000000e+00,0.000000000000000000e+00,0.000000000000000000e+00,0.000000000000000000e+00
1.100000000000000089e+00,2.931499999999999773e+02,0.000000000000000000e+00,0.000000000000000000e+00,0.000000000000000000e+00,0.000000000000000000e+00,0.000000000000000000e+00,0.000000000000000000e+00
1.199999999999999956e+00,2.931499999999999773e+02,0.000000000000000000e+00,0.000000000000000000e+00,0.000000000000000000e+00,0.000000000000000000e+00,0.000000000000000000e+00,3.000000000000000000e+00
1.300000000000000044e+00,2.931855555555555384e+02,0.000000000000000000e+00,0.000000000000000000e+00,2.000000000000000000e+00,2.000000000000000000e+00,0.000000000000000000e+00,1.300000000000000000e+01
1.399999999999999911e+00,2.932206944439703875e+02,5.157231750000001966e+02,2.000000000000000000e+00,2.000000000000000000e+00,4.000000000000000000e+00,0.000000000000000000e+00,2.300000000000000000e+01
1.500000000000000000e+00,2.933099103747848062e+02,1.203354075000000648e+03,6.000000000000000000e+00,3.000000000000000000e+00,9.000000000000000000e+00,0.000000000000000000e+00,3.300000000000000000e+01
1.600000000000000089e+00,2.933299999172835442e+02,1.604472100000000410e+03,7.000000000000000000e+00,3.000000000000000000e+00,1.000000000000000000e+01,0.000000000000000000e+00,4.300000000000000000e+01
1.699999999999999956e+00,2.934388817857947060e+02,2.177497850000000199e+03,1.200000000000000000e+01,4.000000000000000000e+00,1.600000000000000000e+01,0.000000000000000000e+00,5.300000000000000000e+01
1.800000000000000044e+00,2.935470011310271161e+02,3.323549350000000686e+03,1.600000000000000000e+01,6.000000000000000000e+00,2.200000000000000000e+01,0.000000000000000000e+00,6.300000000000000000e+01
1.899999999999999911e+00,2.936551463453536144e+02,4.813416300000001684e+03,2.000000000000000000e+01,8.000000000000000000e+00,2.800000000000000000e+01,0.000000000000000000e+00,7.300000000000000000e+01
2.000000000000000000e+00,2.938338257343467035e+02,7.048216725000002043e+03,2.700000000000000000e+01,1.100000000000000000e+01,3.800000000000000000e+01,0.000000000000000000e+00,8.300000000000000000e+01
2.100000000000000089e+00,2.939595554836852216e+02,1.014255577500000618e+04,3.000000000000000000e+01,1.500000000000000000e+01,4.500000000000000000e+01,0.000000000000000000e+00,9.300000000000000000e+01
2.200000000000000178e+00,2.941216412331483525e+02,1.289307937500000480e+04,3.500000000000000000e+01,1.900000000000000000e+01,5.400000000000000000e+01,0.000000000000000000e+00,1.030000000000000000e+02
2.299999999999999822e+00,2.943556520814712485e+02,1.570090555000000313e+04,4.000000000000000000e+01,2.700000000000000000e+01,6.700000000000000000e+01,0.000000000000000000e+00,1.130000000000000000e+02
2.399999999999999911e+00,2.944851272059439111e+02,1.913906005000000732e+04,4.300000000000000000e+01,3.100000000000000000e+01,7.400000000000000000e+01,0.000000000000000000e+00,1.230000000000000000e+02
2.500000000000000000e+00,2.946866901616600671e+02,2.297833257500000764e+04,5.200000000000000000e+01,3.300000000000000000e+01,8.500000000000000000e+01,0.000000000000000000e+00,1.330000000000000000e+02
2.600000000000000089e+00,2.947456315315203028e+02,2.802095917500001087e+04,5.400000000000000000e+01,3.400000000000000000e+01,8.800000000000000000e+01,0.000000000000000000e+00,1.430000000000000000e+02
2.700000000000000178e+00,2.949659583200187285e+02,3.369391410000000906e+04,6.400000000000000000e+01,3.600000000000000000e+01,1.000000000000000000e+02,0.000000000000000000e+00,1.530000000000000000e+02
2.799999999999999822e+00,2.951515013307974300e+02,4.057022310000001016e+04,6.900000000000000000e+01,4.100000000000000000e+01,1.100000000000000000e+02,0.000000000000000000e+00,1.630000000000000000e+02
2.899999999999999911e+00,2.953573988960594079e+02,4.813416299999999319e+04,7.400000000000000000e+01,4.700000000000000000e+01,1.210000000000000000e+02,0.000000000000000000e+00,1.730000000000000000e+02
3.000000000000000000e+00,2.956189375130723533e+02,5.604191834999998537e+04,8.100000000000000000e+01,5.400000000000000000e+01,1.350000000000000000e+02,0.000000000000000000e+00,1.830000000000000000e+02
3.100000000000000089e+00,2.957718864612183438e+02,6.509572519999998622e+04,8.400000000000000000e+01,5.900000000000000000e+01,1.430000000000000000e+02,0.000000000000000000e+00,1.930000000000000000e+02
3.200000000000000178e+00,2.960323563990708067e+02,7.506637324999998964e+04,8.700000000000000000e+01,7.000000000000000000e+01,1.570000000000000000e+02,0.000000000000000000e+00,2.030000000000000000e+02
3.299999999999999822e+00,2.962937881652569558e+02,8.664149340000000666e+04,9.200000000000000000e+01,7.900000000000000000e+01,1.710000000000000000e+02,0.000000000000000000e+00,2.130000000000000000e+02
3.399999999999999911e+00,2.964328968846436965e+02,9.821661355000003823e+04,9.700000000000000000e+01,8.100000000000000000e+01,1.780000000000000000e+02,0.000000000000000000e+00,2.230000000000000000e+02
3.500000000000000000e+00,2.966994228200859993e+02,1.100209440000000614e+05,1.040000000000000000e+02,8.800000000000000000e+01,1.920000000000000000e+02,0.000000000000000000e+00,2.330000000000000000e+02
3.600000000000000089e+00,2.969119245726553231e+02,1.231432336750000541e+05,1.080000000000000000e+02,9.500000000000000000e+01,2.030000000000000000e+02,0.000000000000000000e+00,2.430000000000000000e+02
3.700000000000000178e+00,2.971244270031489805e+02,1.370104568250000593e+05,1.130000000000000000e+02,1.010000000000000000e+02,2.140000000000000000e+02,0.000000000000000000e+00,2.530000000000000000e+02
3.799999999999999822e+00,2.974077323539245299e+02,1.517945211750000890e+05,1.200000000000000000e+02,1.090000000000000000e+02,2.290000000000000000e+02,0.000000000000000000e+00,2.630000000000000000e+02
3.899999999999999911e+00,2.976358287781814624e+02,1.672089138500000408e+05,1.220000000000000000e+02,1.190000000000000000e+02,2.410000000000000000e+02,0.000000000000000000e+00,2.730000000000000000e+02
4.000000000000000000e+00,2.978497462836457430e+02,1.830817271250000340e+05,1.250000000000000000e+02,1.270000000000000000e+02,2.520000000000000000e+02,0.000000000000000000e+00,2.830000000000000000e+02
4.099999999999999645e+00,2.980424362705450676e+02,1.994129610000000685e+05,1.300000000000000000e+02,1.320000000000000000e+02,2.620000000000000000e+02,0.000000000000000000e+00,2.930000000000000000e+02
4.200000000000000178e+00,2.982894637822972754e+02,2.170621541000000434e+05,1.350000000000000000e+02,1.400000000000000000e+02,2.750000000000000000e+02,0.000000000000000000e+00,3.030000000000000000e+02
4.299999999999999822e+00,2.984683817314259500e+02,2.363731218749999825e+05,1.390000000000000000e+02,1.450000000000000000e+02,2.840000000000000000e+02,0.000000000000000000e+00,3.130000000000000000e+02
4.400000000000000355e+00,2.986449822678962960e+02,2.565436282749999373e+05,1.430000000000000000e+02,1.500000000000000000e+02,2.930000000000000000e+02,0.000000000000000000e+00,3.230000000000000000e+02
4.500000000000000000e+00,2.988585443332434579e+02,2.776309758749999455e+05,1.470000000000000000e+02,1.570000000000000000e+02,3.040000000000000000e+02,0.000000000000000000e+00,3.330000000000000000e+02
4.599999999999999645e+00,2.991436279592547294e+02,3.003227955749998800e+05,1.520000000000000000e+02,1.670000000000000000e+02,3.190000000000000000e+02,0.000000000000000000e+00,3.430000000000000000e+02
4.700000000000000178e+00,2.993032894031982778e+02,3.232438255749997916e+05,1.550000000000000000e+02,1.720000000000000000e+02,3.270000000000000000e+02,0.000000000000000000e+00,3.530000000000000000e+02
4.799999999999999822e+00,2.996928873662292858e+02,3.471963019249998033e+05,1.630000000000000000e+02,1.850000000000000000e+02,3.480000000000000000e+02,0.000000000000000000e+00,3.630000000000000000e+02
4.900000000000000355e+00,2.999746839066177131e+02,3.723521323499996797e+05,1.660000000000000000e+02,1.970000000000000000e+02,3.630000000000000000e+02,0.000000000000000000e+00,3.730000000000000000e+02
5.000000000000000000e+00,3.002060781264300431e+02,3.982528962499996996e+05,1.700000000000000000e+02,2.050000000000000000e+02,3.750000000000000000e+02,0.000000000000000000e+00,3.830000000000000000e+02
5.099999999999999645e+00,3.004737100344012788e+02,4.246120807499997900e+05,1.780000000000000000e+02,2.110000000000000000e+02,3.890000000000000000e+02,0.000000000000000000e+00,3.930000000000000000e+02
5.200000000000000178e+00,3.006911030880828548e+02,4.514296858499998925e+05,1.820000000000000000e+02,2.180000000000000000e+02,4.000000000000000000e+02,0.000000000000000000e+00,4.030000000000000000e+02
5.299999999999999822e+00,3.010176466847003098e+02,4.793933424499999383e+05,1.880000000000000000e+02,2.290000000000000000e+02,4.170000000000000000e+02,0.000000000000000000e+00,4.130000000000000000e+02
5.400000000000000355e+00,3.013259394499533528e+02,5.086176556999999448e+05,1.930000000000000000e+02,2.400000000000000000e+02,4.330000000000000000e+02,0.000000000000000000e+00,4.230000000000000000e+02
5.500000000000000000e+00,3.015778797038016137e+02,5.392745333250000840e+05,2.010000000000000000e+02,2.450000000000000000e+02,4.460000000000000000e+02,0.000000000000000000e+00,4.330000000000000000e+02
5.599999999999999645e+00,3.018800259974800611e+02,5.716504882000001380e+05,2.100000000000000000e+02,2.520000000000000000e+02,4.620000000000000000e+02,0.000000000000000000e+00,4.430000000000000000e+02
5.700000000000000178e+00,3.020555788434398323e+02,6.044275611000003992e+05,2.110000000000000000e+02,2.600000000000000000e+02,4.710000000000000000e+02,0.000000000000000000e+00,4.530000000000000000e+02
5.799999999999999822e+00,3.022831139094188302e+02,6.380068700500003761e+05,2.130000000000000000e+02,2.700000000000000000e+02,4.830000000000000000e+02,0.000000000000000000e+00,4.630000000000000000e+02
5.900000000000000355e+00,3.025631691460994261e+02,6.729041382250003517e+05,2.170000000000000000e+02,2.810000000000000000e+02,4.980000000000000000e+02,1.000000000000000000e+00,4.730000000000000000e+02
6.000000000000000000e+00,3.028793208206865302e+02,7.087755501750002149e+05,2.200000000000000000e+02,2.950000000000000000e+02,5.150000000000000000e+02,1.000000000000000000e+00,4.830000000000000000e+02
6.099999999999999645e+00,3.032836593714383753e+02,7.452772904500004370e+05,2.300000000000000000e+02,3.070000000000000000e+02,5.370000000000000000e+02,1.000000000000000000e+00,4.930000000000000000e+02
6.200000000000000178e+00,3.035961277407050716e+02,7.830969899500004249e+05,2.360000000000000000e+02,3.180000000000000000e+02,5.540000000000000000e+02,1.000000000000000000e+00,5.030000000000000000e+02
6.299999999999999822e+00,3.038026306255333679e+02,8.216616229250007309e+05,2.410000000000000000e+02,3.240000000000000000e+02,5.650000000000000000e+02,1.000000000000000000e+00,5.130000000000000000e+02
6.400000000000000355e+00,3.039405572210305877e+02,8.602835584750010166e+05,2.430000000000000000e+02,3.290000000000000000e+02,5.720000000000000000e+02,1.000000000000000000e+00,5.230000000000000000e+02
6.500000000000000000e+00,3.041639879990298141e+02,8.994212172000011196e+05,2.480000000000000000e+02,3.360000000000000000e+02,5.840000000000000000e+02,2.000000000000000000e+00,5.330000000000000000e+02
6.599999999999999645e+00,3.042815921708250926e+02,9.389026913750011008e+05,2.510000000000000000e+02,3.390000000000000000e+02,5.900000000000000000e+02,2.000000000000000000e+00,5.430000000000000000e+02
6.700000000000000178e+00,3.045578961098067339e+02,9.787852835750009399e+05,2.550000000000000000e+02,3.500000000000000000e+02,6.050000000000000000e+02,2.000000000000000000e+00,5.530000000000000000e+02
6.799999999999999822e+00,3.049030033628373531e+02,1.018839783500000718e+06,2.640000000000000000e+02,3.600000000000000000e+02,6.240000000000000000e+02,2.000000000000000000e+00,5.630000000000000000e+02
6.900000000000000355e+00,3.051774506093890409e+02,1.059811124625000637e+06,2.700000000000000000e+02,3.690000000000000000e+02,6.390000000000000000e+02,4.000000000000000000e+00,5.730000000000000000e+02
7.000000000000000000e+00,3.054869339937798145e+02,1.101470096650000429e+06,2.750000000000000000e+02,3.810000000000000000e+02,6.560000000000000000e+02,4.000000000000000000e+00,5.830000000000000000e+02
7.099999999999999645e+00,3.058167811950898454e+02,1.144103212449999992e+06,2.810000000000000000e+02,3.930000000000000000e+02,6.740000000000000000e+02,4.000000000000000000e+00,5.930000000000000000e+02
7.200000000000000178e+00,3.060579823139883047e+02,1.187825077175000217e+06,2.860000000000000000e+02,4.010000000000000000e+02,6.870000000000000000e+02,4.000000000000000000e+00,6.030000000000000000e+02
7.299999999999999822e+00,3.062974361452144763e+02,1.232864901125000557e+06,2.900000000000000000e+02,4.100000000000000000e+02,7.000000000000000000e+02,4.000000000000000000e+00,6.130000000000000000e+02
7.400000000000000355e+00,3.066454382347687329e+02,1.279853012625000207e+06,2.940000000000000000e+02,4.250000000000000000e+02,7.190000000000000000e+02,4.000000000000000000e+00,6.230000000000000000e+02
7.500000000000000000e+00,3.069720858515757413e+02,1.328502898800000316e+06,3.010000000000000000e+02,4.360000000000000000e+02,7.370000000000000000e+02,4.000000000000000000e+00,6.330000000000000000e+02
7.599999999999999645e+00,3.072276648048630818e+02,1.378986467375000473e+06,3.030000000000000000e+02,4.480000000000000000e+02,7.510000000000000000e+02,4.000000000000000000e+00,6.430000000000000000e+02
7.700000000000000178e+00,3.075325222360580710e+02,1.431189113200000487e+06,3.060000000000000000e+02,4.620000000000000000e+02,7.680000000000000000e+02,4.000000000000000000e+00,6.530000000000000000e+02
7.799999999999999822e+00,3.078890924464849377e+02,1.483391759025000501e+06,3.130000000000000000e+02,4.750000000000000000e+02,7.880000000000000000e+02,4.000000000000000000e+00,6.630000000000000000e+02
7.900000000000000355e+00,3.080168260362212322e+02,1.536167430600000313e+06,3.170000000000000000e+02,4.780000000000000000e+02,7.950000000000000000e+02,4.000000000000000000e+00,6.730000000000000000e+02
8.000000000000000000e+00,3.082895392187332391e+02,1.589115009900000179e+06,3.250000000000000000e+02,4.850000000000000000e+02,8.100000000000000000e+02,6.000000000000000000e+00,6.830000000000000000e+02
8.099999999999999645e+00,3.085792357556134107e+02,1.644182784475000342e+06,3.280000000000000000e+02,4.980000000000000000e+02,8.260000000000000000e+02,6.000000000000000000e+00,6.930000000000000000e+02
8.199999999999999289e+00,3.088292746198028453e+02,1.699995492525000591e+06,3.330000000000000000e+02,5.070000000000000000e+02,8.400000000000000000e+02,9.000000000000000000e+00,7.030000000000000000e+02
8.300000000000000711e+00,3.091662272943252106e+02,1.757412672675000504e+06,3.390000000000000000e+02,5.200000000000000000e+02,8.590000000000000000e+02,9.000000000000000000e+00,7.130000000000000000e+02
8.400000000000000355e+00,3.094836262418624528e+02,1.816090509475000435e+06,3.470000000000000000e+02,5.300000000000000000e+02,8.770000000000000000e+02,9.000000000000000000e+00,7.230000000000000000e+02
8.500000000000000000e+00,3.097990369447493890e+02,1.876544726100000087e+06,3.520000000000000000e+02,5.430000000000000000e+02,8.950000000000000000e+02,1.000000000000000000e+01,7.330000000000000000e+02
8.599999999999999645e+00,3.100799526389098446e+02,1.938718019975000061e+06,3.580000000000000000e+02,5.530000000000000000e+02,9.110000000000000000e+02,1.100000000000000000e+01,7.430000000000000000e+02
8.699999999999999289e+00,3.102320608163596489e+02,2.001693549899999751e+06,3.640000000000000000e+02,5.560000000000000000e+02,9.200000000000000000e+02,1.300000000000000000e+01,7.530000000000000000e+02
8.800000000000000711e+00,3.103877837871971224e+02,2.065242105574999936e+06,3.670000000000000000e+02,5.620000000000000000e+02,9.290000000000000000e+02,1.400000000000000000e+01,7.630000000000000000e+02
8.900000000000000355e+00,3.106311577841997860e+02,2.129592897299999371e+06,3.710000000000000000e+02,5.720000000000000000e+02,9.430000000000000000e+02,1.500000000000000000e+01,7.730000000000000000e+02
9.000000000000000000e+00,3.109084687650497472e+02,2.195891976574999746e+06,3.750000000000000000e+02,5.840000000000000000e+02,9.590000000000000000e+02,1.600000000000000000e+01,7.830000000000000000e+02
9.099999999999999645e+00,3.111342310964674880e+02,2.262592173874999862e+06,3.820000000000000000e+02,5.900000000000000000e+02,9.720000000000000000e+02,1.600000000000000000e+01,7.930000000000000000e+02
9.199999999999999289e+00,3.114472601165979313e+02,2.330151909800000023e+06,3.910000000000000000e+02,5.990000000000000000e+02,9.900000000000000000e+02,1.600000000000000000e+01,8.030000000000000000e+02
9.300000000000000711e+00,3.116879866304177540e+02,2.398628486925000325e+06,3.980000000000000000e+02,6.060000000000000000e+02,1.004000000000000000e+03,1.700000000000000000e+01,8.130000000000000000e+02
9.400000000000000355e+00,3.119807022995841521e+02,2.467849997525000479e+06,4.030000000000000000e+02,6.180000000000000000e+02,1.021000000000000000e+03,2.000000000000000000e+01,8.230000000000000000e+02
9.500000000000000000e+00,3.122179099973008078e+02,2.538847887950000353e+06,4.060000000000000000e+02,6.290000000000000000e+02,1.035000000000000000e+03,2.100000000000000000e+01,8.330000000000000000e+02
9.599999999999999645e+00,3.125070049486035941e+02,2.612538999400000088e+06,4.110000000000000000e+02,6.410000000000000000e+02,1.052000000000000000e+03,2.100000000000000000e+01,8.430000000000000000e+02
9.699999999999999289e+00,3.127225883661984085e+02,2.687146952049999963e+06,4.180000000000000000e+02,6.470000000000000000e+02,1.065000000000000000e+03,2.200000000000000000e+01,8.530000000000000000e+02
9.800000000000000711e+00,3.129731216057693928e+02,2.763531284524999559e+06,4.230000000000000000e+02,6.570000000000000000e+02,1.080000000000000000e+03,2.300000000000000000e+01,8.630000000000000000e+02
9.900000000000000355e+00,3.132427557335858523e+02,2.841691996824999340e+06,4.300000000000000000e+02,6.660000000000000000e+02,1.096000000000000000e+03,2.300000000000000000e+01,8.730000000000000000e+02
1.000000000000000000e+01,3.134564054372906412e+02,2.921743694099999499e+06,4.350000000000000000e+02,6.740000000000000000e+02,1.109000000000000000e+03,2.300000000000000000e+01,8.830000000000000000e+02
1.009999999999999964e+01,3.136897002918331623e+02,3.002425719700000249e+06,4.400000000000000000e+02,6.830000000000000000e+02,1.123000000000000000e+03,2.500000000000000000e+01,8.930000000000000000e+02
1.019999999999999929e+01,3.138314897819223575e+02,3.083852678774999920e+06,4.450000000000000000e+02,6.870000000000000000e+02,1.132000000000000000e+03,2.600000000000000000e+01,9.030000000000000000e+02
1.030000000000000071e+01,3.139719449421567674e+02,3.165909966175000183e+06,4.470000000000000000e+02,6.940000000000000000e+02,1.141000000000000000e+03,2.600000000000000000e+01,9.130000000000000000e+02
1.040000000000000036e+01,3.141639704499000345e+02,3.248826792199999560e+06,4.520000000000000000e+02,7.010000000000000000e+02,1.153000000000000000e+03,2.700000000000000000e+01,9.230000000000000000e+02
1.050000000000000000e+01,3.144280718688805223e+02,3.332717762000000104e+06,4.560000000000000000e+02,7.130000000000000000e+02,1.169000000000000000e+03,2.700000000000000000e+01,9.330000000000000000e+02
1.059999999999999964e+01,3.147263038728867173e+02,3.417869388450000435e+06,4.640000000000000000e+02,7.230000000000000000e+02,1.187000000000000000e+03,2.900000000000000000e+01,9.430000000000000000e+02
1.069999999999999929e+01,3.148627830276611235e+02,3.503250225200000219e+06,4.680000000000000000e+02,7.280000000000000000e+02,1.196000000000000000e+03,3.100000000000000000e+01,9.530000000000000000e+02
1.080000000000000071e+01,3.151558897303493154e+02,3.590350139200000092e+06,4.740000000000000000e+02,7.400000000000000000e+02,1.214000000000000000e+03,3.200000000000000000e+01,9.630000000000000000e+02
1.090000000000000036e+01,3.153229444870405587e+02,3.678080381524999626e+06,4.770000000000000000e+02,7.480000000000000000e+02,1.225000000000000000e+03,3.300000000000000000e+01,9.730000000000000000e+02
1.100000000000000000e+01,3.155789307716863163e+02,3.766956675350000151e+06,4.860000000000000000e+02,7.550000000000000000e+02,1.241000000000000000e+03,3.300000000000000000e+01,9.830000000000000000e+02
1.109999999999999964e+01,3.158364827881417227e+02,3.857208230975001119e+06,4.900000000000000000e+02,7.670000000000000000e+02,1.257000000000000000e+03,3.400000000000000000e+01,9.930000000000000000e+02
1.119999999999999929e+01,3.161287415304194042e+02,3.948032812350001652e+06,4.980000000000000000e+02,7.770000000000000000e+02,1.275000000000000000e+03,3.500000000000000000e+01,1.003000000000000000e+03
1.130000000000000071e+01,3.163838176547334342e+02,4.039659629775001667e+06,5.020000000000000000e+02,7.890000000000000000e+02,1.291000000000000000e+03,3.500000000000000000e+01,1.013000000000000000e+03
1.140000000000000036e+01,3.166022797851827022e+02,4.132489801275001373e+06,5.070000000000000000e+02,7.980000000000000000e+02,1.305000000000000000e+03,3.600000000000000000e+01,1.023000000000000000e+03
1.150000000000000000e+01,3.169294247167014191e+02,4.226064906250000931e+06,5.130000000000000000e+02,8.120000000000000000e+02,1.325000000000000000e+03,3.700000000000000000e+01,1.033000000000000000e+03
1.159999999999999964e+01,3.170614911120464399e+02,4.320499549850001931e+06,5.170000000000000000e+02,8.170000000000000000e+02,1.334000000000000000e+03,3.800000000000000000e+01,1.043000000000000000e+03
1.169999999999999929e+01,3.172831927173676263e+02,4.415507219200002961e+06,5.220000000000000000e+02,8.260000000000000000e+02,1.348000000000000000e+03,3.900000000000000000e+01,1.053000000000000000e+03
1.180000000000000071e+01,3.175566336791548565e+02,4.512463176100003533e+06,5.280000000000000000e+02,8.370000000000000000e+02,1.365000000000000000e+03,3.900000000000000000e+01,1.063000000000000000e+03
1.190000000000000036e+01,3.177218564131897551e+02,4.611367420550003648e+06,5.320000000000000000e+02,8.440000000000000000e+02,1.376000000000000000e+03,4.000000000000000000e+01,1.073000000000000000e+03
1.200000000000000000e+01,3.179608549591831661e+02,4.711360413925004192e+06,5.430000000000000000e+02,8.480000000000000000e+02,1.391000000000000000e+03,4.000000000000000000e+01,1.083000000000000000e+03
1.209999999999999964e+01,3.182521791542449137e+02,4.813187089700004086e+06,5.510000000000000000e+02,8.580000000000000000e+02,1.409000000000000000e+03,4.100000000000000000e+01,1.093000000000000000e+03
1.219999999999999929e+01,3.186155048473379452e+02,4.915987909250004217e+06,5.580000000000000000e+02,8.730000000000000000e+02,1.431000000000000000e+03,4.100000000000000000e+01,1.103000000000000000e+03
1.230000000000000071e+01,3.187294319743661504e+02,5.019934780300003476e+06,5.590000000000000000e+02,8.800000000000000000e+02,1.439000000000000000e+03,4.200000000000000000e+01,1.113000000000000000e+03
1.240000000000000036e+01,3.190026935368568957e+02,5.124397374525004067e+06,5.640000000000000000e+02,8.920000000000000000e+02,1.456000000000000000e+03,4.400000000000000000e+01,1.123000000000000000e+03
1.250000000000000000e+01,3.192182786155514123e+02,5.229089179050005041e+06,5.700000000000000000e+02,9.000000000000000000e+02,1.470000000000000000e+03,4.500000000000000000e+01,1.133000000000000000e+03
1.259999999999999964e+01,3.194467394765440531e+02,5.334182101600005291e+06,5.750000000000000000e+02,9.100000000000000000e+02,1.485000000000000000e+03,4.600000000000000000e+01,1.143000000000000000e+03
1.269999999999999929e+01,3.196004898253259512e+02,5.439676142175005749e+06,5.780000000000000000e+02,9.180000000000000000e+02,1.496000000000000000e+03,4.700000000000000000e+01,1.153000000000000000e+03
1.280000000000000071e+01,3.198583877482368507e+02,5.546144326525005512e+06,5.830000000000000000e+02,9.300000000000000000e+02,1.513000000000000000e+03,4.700000000000000000e+01,1.163000000000000000e+03
1.290000000000000036e+01,3.200996192511057075e+02,5.653643957225005142e+06,5.940000000000000000e+02,9.350000000000000000e+02,1.529000000000000000e+03,5.000000000000000000e+01,1.173000000000000000e+03
1.300000000000000000e+01,3.202880266476048519e+02,5.761831218825006858e+06,5.980000000000000000e+02,9.440000000000000000e+02,1.542000000000000000e+03,5.000000000000000000e+01,1.183000000000000000e+03
1.309999999999999964e+01,3.204768783449915190e+02,5.870935321625007316e+06,6.020000000000000000e+02,9.530000000000000000e+02,1.555000000000000000e+03,5.200000000000000000e+01,1.193000000000000000e+03
1.319999999999999929e+01,3.207751792026674025e+02,5.980555147600009106e+06,6.040000000000000000e+02,9.700000000000000000e+02,1.574000000000000000e+03,5.200000000000000000e+01,1.203000000000000000e+03
1.330000000000000071e+01,3.209250948673177390e+02,6.091492932800010778e+06,6.100000000000000000e+02,9.750000000000000000e+02,1.585000000000000000e+03,5.300000000000000000e+01,1.213000000000000000e+03
1.340000000000000036e+01,3.212008979030688351e+02,6.202831836025010794e+06,6.160000000000000000e+02,9.870000000000000000e+02,1.603000000000000000e+03,5.500000000000000000e+01,1.223000000000000000e+03
1.350000000000000000e+01,3.213490087423002706e+02,6.315144883025011048e+06,6.210000000000000000e+02,9.930000000000000000e+02,1.614000000000000000e+03,5.800000000000000000e+01,1.233000000000000000e+03
1.359999999999999964e+01,3.216560528183038628e+02,6.428603981525010429e+06,6.270000000000000000e+02,1.007000000000000000e+03,1.634000000000000000e+03,5.900000000000000000e+01,1.243000000000000000e+03
1.369999999999999929e+01,3.218240094799671738e+02,6.542636105775009841e+06,6.290000000000000000e+02,1.017000000000000000e+03,1.646000000000000000e+03,6.000000000000000000e+01,1.253000000000000000e+03
1.380000000000000071e+01,3.220070529493798404e+02,6.657470466075010598e+06,6.370000000000000000e+02,1.022000000000000000e+03,1.659000000000000000e+03,6.200000000000000000e+01,1.263000000000000000e+03
1.390000000000000036e+01,3.221939744386642701e+02,6.772705944400010630e+06,6.400000000000000000e+02,1.032000000000000000e+03,1.672000000000000000e+03,6.300000000000000000e+01,1.273000000000000000e+03
1.400000000000000000e+01,3.223104710290119215e+02,6.887654909850011580e+06,6.440000000000000000e+02,1.037000000000000000e+03,1.681000000000000000e+03,6.600000000000000000e+01,1.283000000000000000e+03
1.409999999999999964e+01,3.224624416141375036e+02,7.002661177875012159e+06,6.480000000000000000e+02,1.044000000000000000e+03,1.692000000000000000e+03,6.700000000000000000e+01,1.293000000000000000e+03
1.419999999999999929e+01,3.226716633421536358e+02,7.118412379375011660e+06,6.540000000000000000e+02,1.052000000000000000e+03,1.706000000000000000e+03,6.800000000000000000e+01,1.303000000000000000e+03
1.430000000000000071e+01,3.229130893420821167e+02,7.234679304050012492e+06,6.590000000000000000e+02,1.063000000000000000e+03,1.722000000000000000e+03,6.800000000000000000e+01,1.313000000000000000e+03
1.440000000000000036e+01,3.230311911980080595e+02,7.351691162200013176e+06,6.650000000000000000e+02,1.066000000000000000e+03,1.731000000000000000e+03,6.800000000000000000e+01,1.323000000000000000e+03
1.450000000000000000e+01,3.231668805432836962e+02,7.469333348675013520e+06,6.680000000000000000e+02,1.073000000000000000e+03,1.741000000000000000e+03,6.900000000000000000e+01,1.333000000000000000e+03
1.459999999999999964e+01,3.233140392643194900e+02,7.588408099525013939e+06,6.750000000000000000e+02,1.077000000000000000e+03,1.752000000000000000e+03,6.900000000000000000e+01,1.343000000000000000e+03
1.469999999999999929e+01,3.234417840206312462e+02,7.709201927625012584e+06,6.800000000000000000e+02,1.082000000000000000e+03,1.762000000000000000e+03,6.900000000000000000e+01,1.353000000000000000e+03
1.480000000000000071e+01,3.235845865332059930e+02,7.831371017525013536e+06,6.870000000000000000e+02,1.086000000000000000e+03,1.773000000000000000e+03,7.000000000000000000e+01,1.363000000000000000e+03
1.490000000000000036e+01,3.236911984605187058e+02,7.953826620300013572e+06,6.900000000000000000e+02,1.092000000000000000e+03,1.782000000000000000e+03,7.000000000000000000e+01,1.373000000000000000e+03
1.500000000000000000e+01,3.238329766543307073e+02,8.077542879725011997e+06,6.920000000000000000e+02,1.101000000000000000e+03,1.793000000000000000e+03,7.000000000000000000e+01,1.380000000000000000e+03
1.509999999999999964e+01,3.240090978997481557e+02,8.201889467475011945e+06,6.960000000000000000e+02,1.110000000000000000e+03,1.806000000000000000e+03,7.000000000000000000e+01,1.380000000000000000e+03
1.519999999999999929e+01,3.241843771308180635e+02,8.326980988700012676e+06,7.010000000000000000e+02,1.118000000000000000e+03,1.819000000000000000e+03,7.000000000000000000e+01,1.380000000000000000e+03
1.530000000000000071e+01,3.243040063114444820e+02,8.453103956275012344e+06,7.030000000000000000e+02,1.126000000000000000e+03,1.829000000000000000e+03,7.100000000000000000e+01,1.380000000000000000e+03
1.540000000000000036e+01,3.245644585323925071e+02,8.579914554750012234e+06,7.070000000000000000e+02,1.140000000000000000e+03,1.847000000000000000e+03,7.100000000000000000e+01,1.380000000000000000e+03
1.550000000000000000e+01,3.245569442238286229e+02,8.707527389275014400e+06,7.070000000000000000e+02,1.143000000000000000e+03,1.850000000000000000e+03,7.300000000000000000e+01,1.380000000000000000e+03
1.559999999999999964e+01,3.246530199417064182e+02,8.834853710925014690e+06,7.070000000000000000e+02,1.152000000000000000e+03,1.859000000000000000e+03,7.400000000000000000e+01,1.380000000000000000e+03
1.569999999999999929e+01,3.248020735400336321e+02,8.962638453175015748e+06,7.080000000000000000e+02,1.163000000000000000e+03,1.871000000000000000e+03,7.600000000000000000e+01,1.380000000000000000e+03
1.580000000000000071e+01,3.248081048861360500e+02,9.090938918600015342e+06,7.090000000000000000e+02,1.166000000000000000e+03,1.875000000000000000e+03,7.700000000000000000e+01,1.380000000000000000e+03
1.590000000000000036e+01,3.249015978079184492e+02,9.219640502050016075e+06,7.090000000000000000e+02,1.175000000000000000e+03,1.884000000000000000e+03,7.800000000000000000e+01,1.380000000000000000e+03
1.600000000000000000e+01,3.248866035840620725e+02,9.348800506100013852e+06,7.090000000000000000e+02,1.178000000000000000e+03,1.887000000000000000e+03,7.800000000000000000e+01,1.380000000000000000e+03
1.610000000000000142e+01,3.248514048709590156e+02,9.478189720450015739e+06,7.090000000000000000e+02,1.180000000000000000e+03,1.889000000000000000e+03,7.900000000000000000e+01,1.380000000000000000e+03
1.619999999999999929e+01,3.248490082203119300e+02,9.608209263125015423e+06,7.090000000000000000e+02,1.184000000000000000e+03,1.893000000000000000e+03,8.100000000000000000e+01,1.380000000000000000e+03
1.630000000000000071e+01,3.248648228251970522e+02,9.738973739275017753e+06,7.090000000000000000e+02,1.189000000000000000e+03,1.898000000000000000e+03,8.300000000000000000e+01,1.380000000000000000e+03
1.639999999999999858e+01,3.249127776055873369e+02,9.870540451475016773e+06,7.090000000000000000e+02,1.196000000000000000e+03,1.905000000000000000e+03,8.500000000000000000e+01,1.380000000000000000e+03
1.650000000000000000e+01,3.249232198711586648e+02,1.000245097912501544e+07,7.090000000000000000e+02,1.201000000000000000e+03,1.910000000000000000e+03,8.800000000000000000e+01,1.380000000000000000e+03
1.660000000000000142e+01,3.248811428886152726e+02,1.013516374282501638e+07,7.090000000000000000e+02,1.203000000000000000e+03,1.912000000000000000e+03,8.800000000000000000e+01,1.380000000000000000e+03
1.669999999999999929e+01,3.248182099574776771e+02,1.026776190137501433e+07,7.090000000000000000e+02,1.204000000000000000e+03,1.913000000000000000e+03,8.800000000000000000e+01,1.380000000000000000e+03
1.680000000000000071e+01,3.248273405419068922e+02,1.040036005992501602e+07,7.090000000000000000e+02,1.209000000000000000e+03,1.918000000000000000e+03,8.800000000000000000e+01,1.380000000000000000e+03
1.689999999999999858e+01,3.247981558287261237e+02,1.053335933650001511e+07,7.090000000000000000e+02,1.212000000000000000e+03,1.921000000000000000e+03,9.000000000000000000e+01,1.380000000000000000e+03
1.700000000000000000e+01,3.247661138295488854e+02,1.066698894140001386e+07,7.090000000000000000e+02,1.215000000000000000e+03,1.924000000000000000e+03,9.100000000000000000e+01,1.380000000000000000e+03
1.710000000000000142e+01,3.247660576346744392e+02,1.080027473085001297e+07,7.090000000000000000e+02,1.220000000000000000e+03,1.929000000000000000e+03,9.300000000000000000e+01,1.380000000000000000e+03
1.719999999999999929e+01,3.247975734687479985e+02,1.093350321772501431e+07,7.090000000000000000e+02,1.227000000000000000e+03,1.936000000000000000e+03,9.400000000000000000e+01,1.380000000000000000e+03
1.730000000000000071e+01,3.247934924107699430e+02,1.106684630975001492e+07,7.090000000000000000e+02,1.232000000000000000e+03,1.941000000000000000e+03,9.600000000000000000e+01,1.380000000000000000e+03
1.739999999999999858e+01,3.247524612994970425e+02,1.120047591465001367e+07,7.090000000000000000e+02,1.235000000000000000e+03,1.944000000000000000e+03,9.600000000000000000e+01,1.380000000000000000e+03
1.750000000000000000e+01,3.246751919578319985e+02,1.133404821697501279e+07,7.090000000000000000e+02,1.236000000000000000e+03,1.945000000000000000e+03,9.600000000000000000e+01,1.380000000000000000e+03
1.760000000000000142e+01,3.246307536656189541e+02,1.146693288840001449e+07,7.090000000000000000e+02,1.239000000000000000e+03,1.948000000000000000e+03,9.600000000000000000e+01,1.380000000000000000e+03
1.769999999999999929e+01,3.245491521339787369e+02,1.159958834952501580e+07,7.090000000000000000e+02,1.240000000000000000e+03,1.949000000000000000e+03,9.700000000000000000e+01,1.380000000000000000e+03
1.780000000000000071e+01,3.244645934976594503e+02,1.173201460035001673e+07,7.090000000000000000e+02,1.241000000000000000e+03,1.950000000000000000e+03,9.900000000000000000e+01,1.380000000000000000e+03
1.789999999999999858e+01,3.243773592416712290e+02,1.186381052285001799e+07,7.090000000000000000e+02,1.242000000000000000e+03,1.951000000000000000e+03,1.000000000000000000e+02,1.380000000000000000e+03
1.800000000000000000e+01,3.243240450047819081e+02,1.199566374792501889e+07,7.090000000000000000e+02,1.245000000000000000e+03,1.954000000000000000e+03,1.000000000000000000e+02,1.380000000000000000e+03
1.810000000000000142e+01,3.242510352216571050e+02,1.212740236785001867e+07,7.090000000000000000e+02,1.247000000000000000e+03,1.956000000000000000e+03,1.010000000000000000e+02,1.380000000000000000e+03
1.819999999999999929e+01,3.241423318915848881e+02,1.225810954142501950e+07,7.090000000000000000e+02,1.247000000000000000e+03,1.956000000000000000e+03,1.020000000000000000e+02,1.380000000000000000e+03
1.830000000000000071e+01,3.241047315927777390e+02,1.238830099182501808e+07,7.090000000000000000e+02,1.251000000000000000e+03,1.960000000000000000e+03,1.030000000000000000e+02,1.380000000000000000e+03
1.839999999999999858e+01,3.239941721405083968e+02,1.251791941647501662e+07,7.090000000000000000e+02,1.251000000000000000e+03,1.960000000000000000e+03,1.030000000000000000e+02,1.380000000000000000e+03
1.850000000000000000e+01,3.238830866020617805e+02,1.264685021022501588e+07,7.090000000000000000e+02,1.251000000000000000e+03,1.960000000000000000e+03,1.040000000000000000e+02,1.380000000000000000e+03
1.860000000000000142e+01,3.237705361533162431e+02,1.277537988595001586e+07,7.090000000000000000e+02,1.251000000000000000e+03,1.960000000000000000e+03,1.050000000000000000e+02,1.380000000000000000e+03
1.869999999999999929e+01,3.236754017683637130e+02,1.290333653592501581e+07,7.090000000000000000e+02,1.252000000000000000e+03,1.961000000000000000e+03,1.060000000000000000e+02,1.380000000000000000e+03
1.880000000000000071e+01,3.235974522665326845e+02,1.303117858075001836e+07,7.090000000000000000e+02,1.254000000000000000e+03,1.963000000000000000e+03,1.070000000000000000e+02,1.380000000000000000e+03
1.889999999999999858e+01,3.235187595577357342e+02,1.315890602042501979e+07,7.090000000000000000e+02,1.256000000000000000e+03,1.965000000000000000e+03,1.070000000000000000e+02,1.380000000000000000e+03
1.900000000000000000e+01,3.234571722236288451e+02,1.328657615752502158e+07,7.090000000000000000e+02,1.259000000000000000e+03,1.968000000000000000e+03,1.070000000000000000e+02,1.380000000000000000e+03
1.910000000000000142e+01,3.233591542203548670e+02,1.341459011007502303e+07,7.090000000000000000e+02,1.260000000000000000e+03,1.969000000000000000e+03,1.080000000000000000e+02,1.380000000000000000e+03
1.919999999999999929e+01,3.232427606757872809e+02,1.354243215490002371e+07,7.090000000000000000e+02,1.260000000000000000e+03,1.969000000000000000e+03,1.090000000000000000e+02,1.380000000000000000e+03
1.930000000000000071e+01,3.231615862035887403e+02,1.367021689715002477e+07,7.090000000000000000e+02,1.262000000000000000e+03,1.971000000000000000e+03,1.090000000000000000e+02,1.380000000000000000e+03
1.939999999999999858e+01,3.230627848094242722e+02,1.379771512652502581e+07,7.090000000000000000e+02,1.263000000000000000e+03,1.972000000000000000e+03,1.110000000000000000e+02,1.380000000000000000e+03
1.950000000000000000e+01,3.229467539386102430e+02,1.392475493530002423e+07,7.090000000000000000e+02,1.263000000000000000e+03,1.972000000000000000e+03,1.120000000000000000e+02,1.380000000000000000e+03
1.960000000000000142e+01,3.228307648835651094e+02,1.405145092862502299e+07,7.090000000000000000e+02,1.263000000000000000e+03,1.972000000000000000e+03,1.130000000000000000e+02,1.380000000000000000e+03
1.969999999999999929e+01,3.227147307933802267e+02,1.417774580392502435e+07,7.090000000000000000e+02,1.263000000000000000e+03,1.972000000000000000e+03,1.130000000000000000e+02,1.380000000000000000e+03
1.980000000000000071e+01,3.226174066909697444e+02,1.430318114060002565e+07,7.090000000000000000e+02,1.264000000000000000e+03,1.973000000000000000e+03,1.130000000000000000e+02,1.380000000000000000e+03
1.989999999999999858e+01,3.225023801825140026e+02,1.442844456955002621e+07,7.090000000000000000e+02,1.264000000000000000e+03,1.973000000000000000e+03,1.130000000000000000e+02,1.380000000000000000e+03
2.000000000000000000e+01,3.223878320309558489e+02,1.455324957790002599e+07,7.090000000000000000e+02,1.264000000000000000e+03,1.973000000000000000e+03,1.130000000000000000e+02,1.380000000000000000e+03
2.010000000000000142e+01,3.222733040383632783e+02,1.467793998110002652e+07,7.090000000000000000e+02,1.264000000000000000e+03,1.973000000000000000e+03,1.140000000000000000e+02,1.380000000000000000e+03
2.019999999999999929e+01,3.221594852410024146e+02,1.480200005597502738e+07,7.090000000000000000e+02,1.264000000000000000e+03,1.973000000000000000e+03,1.140000000000000000e+02,1.380000000000000000e+03
2.030000000000000071e+01,3.220463709679223143e+02,1.492542980252502672e+07,7.090000000000000000e+02,1.264000000000000000e+03,1.973000000000000000e+03,1.140000000000000000e+02,1.380000000000000000e+03
2.039999999999999858e+01,3.219344190644246737e+02,1.504765619500002638e+07,7.090000000000000000e+02,1.264000000000000000e+03,1.973000000000000000e+03,1.140000000000000000e+02,1.380000000000000000e+03
2.050000000000000000e+01,3.218226098923800578e+02,1.516971067975002527e+07,7.090000000000000000e+02,1.264000000000000000e+03,1.973000000000000000e+03,1.140000000000000000e+02,1.380000000000000000e+03
2.060000000000000142e+01,3.217117485771192946e+02,1.529079102072502486e+07,7.090000000000000000e+02,1.264000000000000000e+03,1.973000000000000000e+03,1.140000000000000000e+02,1.380000000000000000e+03
2.069999999999999929e+01,3.216014992634985674e+02,1.541135563852502592e+07,7.090000000000000000e+02,1.264000000000000000e+03,1.973000000000000000e+03,1.140000000000000000e+02,1.380000000000000000e+03
2.080000000000000071e+01,3.214917660580290999e+02,1.553151913830002211e+07,7.090000000000000000e+02,1.264000000000000000e+03,1.973000000000000000e+03,1.140000000000000000e+02,1.380000000000000000e+03
2.089999999999999858e+01,3.213824994327121658e+02,1.565133882262502424e+07,7.090000000000000000e+02,1.264000000000000000e+03,1.973000000000000000e+03,1.140000000000000000e+02,1.380000000000000000e+03
2.100000000000000000e+01,3.212735110382797643e+02,1.577104390180002339e+07,7.090000000000000000e+02,1.264000000000000000e+03,1.973000000000000000e+03,1.140000000000000000e+02,1.380000000000000000e+03
2.110000000000000142e+01,3.211649366656210987e+02,1.589046246810002439e+07,7.090000000000000000e+02,1.264000000000000000e+03,1.973000000000000000e+03,1.150000000000000000e+02,1.380000000000000000e+03
2.119999999999999929e+01,3.210565417998417388e+02,1.600988103440002352e+07,7.090000000000000000e+02,1.264000000000000000e+03,1.973000000000000000e+03,1.150000000000000000e+02,1.380000000000000000e+03
2.130000000000000071e+01,3.209486475447239400e+02,1.612889848267502338e+07,7.090000000000000000e+02,1.264000000000000000e+03,1.973000000000000000e+03,1.150000000000000000e+02,1.380000000000000000e+03
2.139999999999999858e+01,3.208413898805589497e+02,1.624734290520002320e+07,7.090000000000000000e+02,1.264000000000000000e+03,1.973000000000000000e+03,1.160000000000000000e+02,1.380000000000000000e+03
2.150000000000000000e+01,3.207346733664548992e+02,1.636532890712502412e+07,7.090000000000000000e+02,1.264000000000000000e+03,1.973000000000000000e+03,1.160000000000000000e+02,1.380000000000000000e+03
2.160000000000000142e+01,3.206283100278627671e+02,1.648308569875002280e+07,7.090000000000000000e+02,1.264000000000000000e+03,1.973000000000000000e+03,1.160000000000000000e+02,1.380000000000000000e+03
2.169999999999999929e+01,3.205223897256180976e+02,1.660049867492502183e+07,7.090000000000000000e+02,1.264000000000000000e+03,1.973000000000000000e+03,1.160000000000000000e+02,1.380000000000000000e+03
2.180000000000000071e+01,3.204166320064900333e+02,1.671791165110002086e+07,7.090000000000000000e+02,1.264000000000000000e+03,1.973000000000000000e+03,1.160000000000000000e+02,1.380000000000000000e+03
2.189999999999999858e+01,3.203109416574725969e+02,1.683543923242501915e+07,7.090000000000000000e+02,1.264000000000000000e+03,1.973000000000000000e+03,1.160000000000000000e+02,1.380000000000000000e+03
2.200000000000000000e+01,3.202063809267697820e+02,1.695176345967502519e+07,7.090000000000000000e+02,1.264000000000000000e+03,1.973000000000000000e+03,1.160000000000000000e+02,1.380000000000000000e+03
2.210000000000000142e+01,3.201021139670273783e+02,1.706791577920002490e+07,7.090000000000000000e+02,1.264000000000000000e+03,1.973000000000000000e+03,1.160000000000000000e+02,1.380000000000000000e+03
2.219999999999999929e+01,3.199989716489741340e+02,1.718286474465002120e+07,7.090000000000000000e+02,1.264000000000000000e+03,1.973000000000000000e+03,1.160000000000000000e+02,1.380000000000000000e+03
2.230000000000000071e+01,3.198967200787792535e+02,1.729689686890002340e+07,7.090000000000000000e+02,1.264000000000000000e+03,1.973000000000000000e+03,1.160000000000000000e+02,1.380000000000000000e+03
2.239999999999999858e+01,3.197948476339712442e+02,1.741064248027502373e+07,7.090000000000000000e+02,1.264000000000000000e+03,1.973000000000000000e+03,1.160000000000000000e+02,1.380000000000000000e+03
2.250000000000000000e+01,3.196935834808596724e+02,1.752381506590002403e+07,7.090000000000000000e+02,1.264000000000000000e+03,1.973000000000000000e+03,1.160000000000000000e+02,1.380000000000000000e+03
2.260000000000000142e+01,3.195930179438204277e+02,1.763630002062502503e+07,7.090000000000000000e+02,1.264000000000000000e+03,1.973000000000000000e+03,1.160000000000000000e+02,1.380000000000000000e+03
2.269999999999999929e+01,3.194926858375834513e+02,1.774867037020001933e+07,7.090000000000000000e+02,1.264000000000000000e+03,1.973000000000000000e+03,1.160000000000000000e+02,1.380000000000000000e+03
2.280000000000000071e+01,3.193930016513955366e+02,1.786041039145001397e+07,7.090000000000000000e+02,1.264000000000000000e+03,1.973000000000000000e+03,1.160000000000000000e+02,1.380000000000000000e+03
2.289999999999999858e+01,3.192934539924687556e+02,1.797215041270001233e+07,7.090000000000000000e+02,1.264000000000000000e+03,1.973000000000000000e+03,1.160000000000000000e+02,1.380000000000000000e+03
2.300000000000000000e+01,3.191944111405610442e+02,1.808343201335000992e+07,7.090000000000000000e+02,1.264000000000000000e+03,1.973000000000000000e+03,1.160000000000000000e+02,1.380000000000000000e+03
2.310000000000000142e+01,3.190961951172321847e+02,1.819385407537501305e+07,7.090000000000000000e+02,1.264000000000000000e+03,1.973000000000000000e+03,1.160000000000000000e+02,1.380000000000000000e+03
2.319999999999999929e+01,3.189981557469880613e+02,1.830421883482501656e+07,7.090000000000000000e+02,1.264000000000000000e+03,1.973000000000000000e+03,1.160000000000000000e+02,1.380000000000000000e+03
2.330000000000000071e+01,3.189009391876140853e+02,1.841372405565002188e+07,7.090000000000000000e+02,1.264000000000000000e+03,1.973000000000000000e+03,1.160000000000000000e+02,1.380000000000000000e+03
2.339999999999999858e+01,3.188043583035703250e+02,1.852259894815001637e+07,7.090000000000000000e+02,1.264000000000000000e+03,1.973000000000000000e+03,1.160000000000000000e+02,1.380000000000000000e+03
2.350000000000000000e+01,3.187082240643176760e+02,1.863107272262500972e+07,7.090000000000000000e+02,1.264000000000000000e+03,1.973000000000000000e+03,1.160000000000000000e+02,1.380000000000000000e+03
2.360000000000000142e+01,3.186125795572197603e+02,1.873908807650000602e+07,7.090000000000000000e+02,1.264000000000000000e+03,1.973000000000000000e+03,1.160000000000000000e+02,1.380000000000000000e+03
2.369999999999999929e+01,3.185176544901882494e+02,1.884635849690000713e+07,7.090000000000000000e+02,1.264000000000000000e+03,1.973000000000000000e+03,1.160000000000000000e+02,1.380000000000000000e+03
2.380000000000000071e+01,3.184229378656351628e+02,1.895351431215000898e+07,7.090000000000000000e+02,1.264000000000000000e+03,1.973000000000000000e+03,1.160000000000000000e+02,1.380000000000000000e+03
2.389999999999999858e+01,3.183286131648819151e+02,1.906032631195001304e+07,7.090000000000000000e+02,1.264000000000000000e+03,1.973000000000000000e+03,1.160000000000000000e+02,1.380000000000000000e+03
2.400000000000000000e+01,3.182352786355032777e+02,1.916604956282501668e+07,7.090000000000000000e+02,1.264000000000000000e+03,1.973000000000000000e+03,1.160000000000000000e+02,1.380000000000000000e+03
2.410000000000000142e+01,3.181424220450959979e+02,1.927131439310001209e+07,7.090000000000000000e+02,1.264000000000000000e+03,1.973000000000000000e+03,1.160000000000000000e+02,1.380000000000000000e+03
2.419999999999999929e+01,3.180503659247876271e+02,1.937571968475001305e+07,7.090000000000000000e+02,1.264000000000000000e+03,1.973000000000000000e+03,1.160000000000000000e+02,1.380000000000000000e+03
2.430000000000000071e+01,3.179585069099753127e+02,1.948001037125001103e+07,7.090000000000000000e+02,1.264000000000000000e+03,1.973000000000000000e+03,1.160000000000000000e+02,1.380000000000000000e+03
2.439999999999999858e+01,3.178675842581848201e+02,1.958326961140001193e+07,7.090000000000000000e+02,1.264000000000000000e+03,1.973000000000000000e+03,1.160000000000000000e+02,1.380000000000000000e+03
2.450000000000000000e+01,3.177774576262047503e+02,1.968566931292501464e+07,7.090000000000000000e+02,1.264000000000000000e+03,1.973000000000000000e+03,1.160000000000000000e+02,1.380000000000000000e+03
2.460000000000000142e+01,3.176877075383253555e+02,1.978772519900001585e+07,7.090000000000000000e+02,1.264000000000000000e+03,1.973000000000000000e+03,1.160000000000000000e+02,1.380000000000000000e+03
2.469999999999999929e+01,3.175986547726542426e+02,1.988903615160001069e+07,7.090000000000000000e+02,1.264000000000000000e+03,1.973000000000000000e+03,1.160000000000000000e+02,1.380000000000000000e+03
2.480000000000000071e+01,3.175102980200571210e+02,1.998960217072501034e+07,7.090000000000000000e+02,1.264000000000000000e+03,1.973000000000000000e+03,1.160000000000000000e+02,1.380000000000000000e+03
2.489999999999999858e+01,3.174231451631821415e+02,2.008879292805001140e+07,7.090000000000000000e+02,1.264000000000000000e+03,1.973000000000000000e+03,1.160000000000000000e+02,1.380000000000000000e+03
2.500000000000000000e+01,3.173372389405702165e+02,2.018655112100000679e+07,7.090000000000000000e+02,1.264000000000000000e+03,1.973000000000000000e+03,1.160000000000000000e+02,1.380000000000000000e+03
2.510000000000000142e+01,3.172517419806253542e+02,2.028390819592500478e+07,7.090000000000000000e+02,1.264000000000000000e+03,1.973000000000000000e+03,1.160000000000000000e+02,1.380000000000000000e+03
2.519999999999999929e+01,3.171670216132945939e+02,2.038040573222500831e+07,7.090000000000000000e+02,1.264000000000000000e+03,1.973000000000000000e+03,1.160000000000000000e+02,1.380000000000000000e+03
2.530000000000000071e+01,3.170828428224391473e+02,2.047633024277501181e+07,7.090000000000000000e+02,1.264000000000000000e+03,1.973000000000000000e+03,1.160000000000000000e+02,1.380000000000000000e+03
2.539999999999999858e+01,3.170001293482018241e+02,2.057053567607500777e+07,7.090000000000000000e+02,1.264000000000000000e+03,1.973000000000000000e+03,1.160000000000000000e+02,1.380000000000000000e+03
2.550000000000000000e+01,3.169178131348425040e+02,2.066433999135000631e+07,7.090000000000000000e+02,1.264000000000000000e+03,1.973000000000000000e+03,1.160000000000000000e+02,1.380000000000000000e+03
2.560000000000000142e+01,3.168366802409445313e+02,2.075676904482501000e+07,7.090000000000000000e+02,1.264000000000000000e+03,1.973000000000000000e+03,1.160000000000000000e+02,1.380000000000000000e+03
2.569999999999999929e+01,3.167563111961549112e+02,2.084833855967500433e+07,7.090000000000000000e+02,1.264000000000000000e+03,1.973000000000000000e+03,1.160000000000000000e+02,1.380000000000000000e+03
2.580000000000000071e+01,3.166763334402475607e+02,2.093950695649999753e+07,7.090000000000000000e+02,1.264000000000000000e+03,1.973000000000000000e+03,1.160000000000000000e+02,1.380000000000000000e+03
2.589999999999999858e+01,3.165972091596227074e+02,2.102970120954999700e+07,7.090000000000000000e+02,1.264000000000000000e+03,1.973000000000000000e+03,1.160000000000000000e+02,1.380000000000000000e+03
2.600000000000000000e+01,3.165192588995021765e+02,2.111852020079999790e+07,7.090000000000000000e+02,1.264000000000000000e+03,1.973000000000000000e+03,1.160000000000000000e+02,1.380000000000000000e+03
2.610000000000000142e+01,3.164419225597327454e+02,2.120665156114999577e+07,7.090000000000000000e+02,1.264000000000000000e+03,1.973000000000000000e+03,1.160000000000000000e+02,1.380000000000000000e+03
2.619999999999999929e+01,3.163658456498425835e+02,2.129329305454999581e+07,7.090000000000000000e+02,1.264000000000000000e+03,1.973000000000000000e+03,1.160000000000000000e+02,1.380000000000000000e+03
2.630000000000000071e+01,3.162902368967860980e+02,2.137941882477499545e+07,7.090000000000000000e+02,1.264000000000000000e+03,1.973000000000000000e+03,1.160000000000000000e+02,1.380000000000000000e+03
2.639999999999999858e+01,3.162151874946321755e+02,2.146491426667500287e+07,7.090000000000000000e+02,1.264000000000000000e+03,1.973000000000000000e+03,1.160000000000000000e+02,1.380000000000000000e+03
2.650000000000000000e+01,3.161412043089395638e+02,2.154914905192499980e+07,7.090000000000000000e+02,1.264000000000000000e+03,1.973000000000000000e+03,1.160000000000000000e+02,1.380000000000000000e+03
2.660000000000000142e+01,3.160680994429465045e+02,2.163235239082499966e+07,7.090000000000000000e+02,1.264000000000000000e+03,1.973000000000000000e+03,1.160000000000000000e+02,1.380000000000000000e+03
2.669999999999999929e+01,3.159954998672499187e+02,2.171498270397500694e+07,7.090000000000000000e+02,1.264000000000000000e+03,1.973000000000000000e+03,1.160000000000000000e+02,1.380000000000000000e+03
2.680000000000000071e+01,3.159235440617911763e+02,2.179686808365001157e+07,7.090000000000000000e+02,1.264000000000000000e+03,1.973000000000000000e+03,1.160000000000000000e+02,1.380000000000000000e+03
2.689999999999999858e+01,3.158521854181101389e+02,2.187806583242501318e+07,7.090000000000000000e+02,1.264000000000000000e+03,1.973000000000000000e+03,1.160000000000000000e+02,1.380000000000000000e+03
2.700000000000000000e+01,3.157814699241750418e+02,2.195851864772501215e+07,7.090000000000000000e+02,1.264000000000000000e+03,1.973000000000000000e+03,1.160000000000000000e+02,1.380000000000000000e+03
2.710000000000000142e+01,3.157107954235851821e+02,2.203897146302500740e+07,7.090000000000000000e+02,1.264000000000000000e+03,1.973000000000000000e+03,1.160000000000000000e+02,1.380000000000000000e+03
2.719999999999999929e+01,3.156409486525516286e+02,2.211845013455000892e+07,7.090000000000000000e+02,1.264000000000000000e+03,1.973000000000000000e+03,1.160000000000000000e+02,1.380000000000000000e+03
2.730000000000000071e+01,3.155715126472496763e+02,2.219747038547501341e+07,7.090000000000000000e+02,1.264000000000000000e+03,1.973000000000000000e+03,1.160000000000000000e+02,1.380000000000000000e+03
2.739999999999999858e+01,3.155028111871014858e+02,2.227563109777502343e+07,7.090000000000000000e+02,1.264000000000000000e+03,1.973000000000000000e+03,1.160000000000000000e+02,1.380000000000000000e+03
2.750000000000000000e+01,3.154349828562045559e+02,2.235276036372501776e+07,7.090000000000000000e+02,1.264000000000000000e+03,1.973000000000000000e+03,1.160000000000000000e+02,1.380000000000000000e+03
2.760000000000000142e+01,3.153672403079581841e+02,2.242983232710001618e+07,7.090000000000000000e+02,1.264000000000000000e+03,1.973000000000000000e+03,1.160000000000000000e+02,1.380000000000000000e+03
2.769999999999999929e+01,3.152999999034320240e+02,2.250633126472501457e+07,7.090000000000000000e+02,1.264000000000000000e+03,1.973000000000000000e+03,1.160000000000000000e+02,1.380000000000000000e+03
2.780000000000000071e+01,3.152340483780634486e+02,2.258128303282501549e+07,7.090000000000000000e+02,1.264000000000000000e+03,1.973000000000000000e+03,1.160000000000000000e+02,1.380000000000000000e+03
2.789999999999999858e+01,3.151689224712237660e+02,2.265526065715001523e+07,7.090000000000000000e+02,1.264000000000000000e+03,1.973000000000000000e+03,1.160000000000000000e+02,1.380000000000000000e+03
2.800000000000000000e+01,3.151047144817110279e+02,2.272814953255001456e+07,7.090000000000000000e+02,1.264000000000000000e+03,1.973000000000000000e+03,1.160000000000000000e+02,1.380000000000000000e+03
2.810000000000000142e+01,3.150411926380601813e+02,2.280023617190001905e+07,7.090000000000000000e+02,1.264000000000000000e+03,1.973000000000000000e+03,1.160000000000000000e+02,1.380000000000000000e+03
2.819999999999999929e+01,3.149778936910747120e+02,2.287209360095002502e+07,7.090000000000000000e+02,1.264000000000000000e+03,1.973000000000000000e+03,1.160000000000000000e+02,1.380000000000000000e+03
2.830000000000000071e+01,3.149152803211759419e+02,2.294314879395002499e+07,7.090000000000000000e+02,1.264000000000000000e+03,1.973000000000000000e+03,1.160000000000000000e+02,1.380000000000000000e+03
2.839999999999999858e+01,3.148536300233661223e+02,2.301305793545002118e+07,7.090000000000000000e+02,1.264000000000000000e+03,1.973000000000000000e+03,1.160000000000000000e+02,1.380000000000000000e+03
2.850000000000000000e+01,3.147927573173928408e+02,2.308205023575002328e+07,7.090000000000000000e+02,1.264000000000000000e+03,1.973000000000000000e+03,1.160000000000000000e+02,1.380000000000000000e+03
2.860000000000000142e+01,3.147319674641198048e+02,2.315098523347502574e+07,7.090000000000000000e+02,1.264000000000000000e+03,1.973000000000000000e+03,1.160000000000000000e+02,1.380000000000000000e+03
2.869999999999999929e+01,3.146720009138263094e+02,2.321894608742503077e+07,7.090000000000000000e+02,1.264000000000000000e+03,1.973000000000000000e+03,1.160000000000000000e+02,1.380000000000000000e+03
2.880000000000000071e+01,3.146120703431690799e+02,2.328690694137503207e+07,7.090000000000000000e+02,1.264000000000000000e+03,1.973000000000000000e+03,1.160000000000000000e+02,1.380000000000000000e+03
2.889999999999999858e+01,3.145530550995525232e+02,2.335377904640002549e+07,7.090000000000000000e+02,1.264000000000000000e+03,1.973000000000000000e+03,1.160000000000000000e+02,1.380000000000000000e+03
2.900000000000000000e+01,3.144943067566116497e+02,2.342036463855002075e+07,7.090000000000000000e+02,1.264000000000000000e+03,1.973000000000000000e+03,1.160000000000000000e+02,1.380000000000000000e+03
2.910000000000000142e+01,3.144360565215484371e+02,2.348637720495001972e+07,7.090000000000000000e+02,1.264000000000000000e+03,1.973000000000000000e+03,1.160000000000000000e+02,1.380000000000000000e+03
2.919999999999999929e+01,3.143791837535795821e+02,2.355072799667502195e+07,7.090000000000000000e+02,1.264000000000000000e+03,1.973000000000000000e+03,1.160000000000000000e+02,1.380000000000000000e+03
2.930000000000000071e+01,3.143228085564205116e+02,2.361450576265002042e+07,7.090000000000000000e+02,1.264000000000000000e+03,1.973000000000000000e+03,1.160000000000000000e+02,1.380000000000000000e+03
2.939999999999999858e+01,3.142672084386154552e+02,2.367736668742501736e+07,7.090000000000000000e+02,1.264000000000000000e+03,1.973000000000000000e+03,1.160000000000000000e+02,1.380000000000000000e+03
2.950000000000000000e+01,3.142122442304493006e+02,2.373948267872501910e+07,7.090000000000000000e+02,1.264000000000000000e+03,1.973000000000000000e+03,1.160000000000000000e+02,1.380000000000000000e+03
2.960000000000000142e+01,3.141579619493906534e+02,2.380079643397502229e+07,7.090000000000000000e+02,1.264000000000000000e+03,1.973000000000000000e+03,1.160000000000000000e+02,1.380000000000000000e+03
2.969999999999999929e+01,3.141039909504039542e+02,2.386176637377501652e+07,7.090000000000000000e+02,1.264000000000000000e+03,1.973000000000000000e+03,1.160000000000000000e+02,1.380000000000000000e+03
2.980000000000000071e+01,3.140500994814188402e+02,2.392267901100002602e+07,7.090000000000000000e+02,1.264000000000000000e+03,1.973000000000000000e+03,1.160000000000000000e+02,1.380000000000000000e+03
2.989999999999999858e+01,3.139969817203057119e+02,2.398267480702501908e+07,7.090000000000000000e+02,1.264000000000000000e+03,1.973000000000000000e+03,1.160000000000000000e+02,1.380000000000000000e+03
3.000000000000000000e+01,3.139443133303420836e+02,2.404215487987501919e+07,7.090000000000000000e+02,1.264000000000000000e+03,1.973000000000000000e+03,1.160000000000000000e+02,1.380000000000000000e+03
3.010000000000000142e+01,3.138922792379136126e+02,2.410089001925002038e+07,7.090000000000000000e+02,1.264000000000000000e+03,1.973000000000000000e+03,1.160000000000000000e+02,1.380000000000000000e+03
3.019999999999999929e+01,3.138410643727394245e+02,2.415865101485002413e+07,7.090000000000000000e+02,1.264000000000000000e+03,1.973000000000000000e+03,1.160000000000000000e+02,1.380000000000000000e+03
3.030000000000000071e+01,3.137906684716322161e+02,2.421543786667501554e+07,7.090000000000000000e+02,1.264000000000000000e+03,1.973000000000000000e+03,1.160000000000000000e+02,1.380000000000000000e+03
3.039999999999999858e+01,3.137407671878036695e+02,2.427165169275001436e+07,7.090000000000000000e+02,1.264000000000000000e+03,1.973000000000000000e+03,1.160000000000000000e+02,1.380000000000000000e+03
3.050000000000000000e+01,3.136923324593325901e+02,2.432608913900001720e+07,7.090000000000000000e+02,1.264000000000000000e+03,1.973000000000000000e+03,1.160000000000000000e+02,1.380000000000000000e+03
3.060000000000000142e+01,3.136440677043875667e+02,2.438035467752502114e+07,7.090000000000000000e+02,1.264000000000000000e+03,1.973000000000000000e+03,1.160000000000000000e+02,1.380000000000000000e+03
3.069999999999999929e+01,3.135963893088813279e+02,2.443393258515002206e+07,7.090000000000000000e+02,1.264000000000000000e+03,1.973000000000000000e+03,1.160000000000000000e+02,1.380000000000000000e+03
3.080000000000000071e+01,3.135497136634100457e+02,2.448630713870001957e+07,7.090000000000000000e+02,1.264000000000000000e+03,1.973000000000000000e+03,1.160000000000000000e+02,1.380000000000000000e+03
3.089999999999999858e+01,3.135045497557499061e+02,2.453684800985001773e+07,7.090000000000000000e+02,1.264000000000000000e+03,1.973000000000000000e+03,1.160000000000000000e+02,1.380000000000000000e+03
3.100000000000000000e+01,3.134598787965263114e+02,2.458681585525001213e+07,7.090000000000000000e+02,1.264000000000000000e+03,1.973000000000000000e+03,1.160000000000000000e+02,1.380000000000000000e+03
